image: catographer.pgm
resolution: 0.050000
origin: [-13.375101, -13.452577, 0.000000]
negate: 0
occupied_thresh: 0.65
free_thresh: 0.196

