image: catographer2.pgm
resolution: 0.050000
origin: [-16.199405, -10.597548, 0.000000]
negate: 0
occupied_thresh: 0.65
free_thresh: 0.196

