image: cato_office.pgm
resolution: 0.050000
origin: [-10.622932, -10.183196, 0.000000]
negate: 0
occupied_thresh: 0.65
free_thresh: 0.196

