image: Office_221119_mod.pgm
resolution: 0.025000
origin: [-10.000000, -31.600000, 0.000000]
negate: 0
occupied_thresh: 0.65
free_thresh: 0.196

