image: office_2.pgm
resolution: 0.050000
origin: [-7.169541, -10.085422, 0.000000]
negate: 0
occupied_thresh: 0.65
free_thresh: 0.196

