image: office_0716.pgm
resolution: 0.050000
origin: [-14.493416, -9.766983, 0.000000]
negate: 0
occupied_thresh: 0.65
free_thresh: 0.196

