image: gong_car_full.pgm
resolution: 0.050000
origin: [-30.2502, -65.7688, 0.000000]
negate: 0
occupied_thresh: 0.65
free_thresh: 0.196

